
10
10
384 440 481 279 586 305 122 141 702 106 
10
662 5 897 83 618 550 828 718 527 661 
10
122 403 966 226 4 424 344 18 132 409 
10
811 680 277 586 451 985 313 886 941 432 
10
703 760 302 736 762 524 843 375 433 54 
10
136 606 346 734 416 311 361 192 744 857 
10
553 478 106 280 345 95 662 148 592 266 
10
394 550 937 205 294 17 534 785 114 142 
10
484 685 782 221 494 715 787 499 372 767 
10
498 923 999 839 414 526 838 375 157 841 
10
861 388 96 573 532 818 348 602 318 224 
10
96 341 734 526 838 375 157 841 45 514 
10
219 4 599 884 221 584 169 470 30 914 
10
847 770 765 172 584 169 470 30 914 694 
10
760 319 847 229 177 847 21 167 584 266 
10
711 527 210 271 345 602 680 438 277 94 
10
57 175 53 407 100 1 903 457 169 969 
10
579 402 96 858 711 538 97 1 558 603 
10
608 914 999 924 949 602 51 674 204 150 
10
140 258 731 489 921 524 872 549 814 680 
10
204 765 149 876 221 116 606 863 678 447 
10
72 738 218 868 55 5 179 446 415 955 
10
432 59 498 456 187 355 86 280 516 818 
10
392 534 937 732 296 701 321 294 385 267 
10
746 524 171 718 747 498 852 530 137 727 
10
263 141 209 77 690 552 371 895 330 98 
10
647 205 494 456 106 247 731 536 29 97 
10
647 148 483 672 71 290 886 663 138 579 
10
266 136 15 390 91 647 850 574 957 313 
10
437 875 432 856 528 137 876 415 853 678 
10
760 508 884 643 585 318 734 524 137 547 
10
892 141 579 346 892 330 792 325 98 629 
10
349 365 724 296 216 322 56 601 990 760 
10
221 783 838 997 556 638 585 964 46 618 
10
810 998 556 451 273 570 957 504 298 476 
10
209 637 205 160 644 284 385 100 409 554 
10
251 877 874 366 479 104 618 349 428 673 
10
803 392 60 241 58 241 393 640 277 886 
10
141 618 78 330 716 296 424 878 141 470 
10
993 971 794 718 218 396 835 855 675 807 
10
172 908 266 736 899 190 105 752 114 939 
10
688 321 98 606 872 527 694 53 787 331 
10
192 96 661 465 209 904 160 673 807 530 
10
944 215 284 342 767 680 787 331 365 267 
10
122 998 485 233 711 540 251 983 193 116 
10
758 312 621 118 998 696 288 424 478 233 
10
731 598 698 288 863 910 489 127 584 600 
10
93 197 116 15 176 271 701 558 346 550 
10
962 839 528 184 105 416 419 2 578 985 
10
556 522 944 141 969 809 229 381 194 563 
10
346 931 793 725 718 780 718 319 764 589 
10
355 966 909 732 149 744 546 892 733 221 
10
394 125 994 187 160 513 252 122 74 615 
10
898 160 449 131 470 852 590 968 938 791 
10
998 312 832 528 619 720 899 95 754 978 
10
971 715 898 961 924 57 865 847 222 56 
10
464 55 696 558 577 749 528 305 776 392 
10
78 138 709 846 473 818 855 258 886 160 
10
655 403 176 77 276 444 923 215 711 598 
10
969 938 583 702 584 627 389 59 882 266 
10
503 168 385 814 168 494 478 578 698 582 
10
720 486 872 694 296 72 276 929 504 694 
10
447 381 955 924 442 993 908 432 407 718 
10
172 105 727 221 877 524 451 55 882 408 
10
576 990 742 900 644 46 858 673 364 640 
10
783 908 402 419 508 892 732 312 440 365 
10
60 347 216 381 403 2 175 55 141 294 
10
709 800 700 71 606 720 221 136 591 349 
10
267 317 433 678 875 396 419 875 733 6 
10
508 892 732 312 440 365 995 690 582 924 
10
313 841 366 476 171 116 363 995 554 863 
10
999 690 875 977 678 306 86 853 75 397 
10
878 733 998 554 608 277 51 142 91 876 
10
977 663 36 464 838 17 202 58 276 617 
10
508 371 125 373 403 187 379 675 134 513 
10
117 53 142 95 579 999 114 847 614 138 
10
355 344 91 727 998 44 882 160 449 843 
10
663 332 706 7 618 204 83 998 918 825 
10
123 373 554 985 123 505 113 718 312 724 
10
54 332 587 118 951 193 887 435 657 364 
10
307 178 284 792 457 127 908 522 957 229 
10
516 962 433 387 576 368 59 484 944 556 
10
749 673 134 642 332 563 872 679 846 10 
10
199 586 153 766 221 736 979 375 476 717 
10
546 246 216 66 105 969 372 176 656 725 
10
6 804 678 302 972 770 770 986 44 629 
10
183 948 924 597 43 332 297 254 854 977 
10
799 106 415 131 91 843 694 317 811 473 
10
97 54 411 407 203 619 46 197 462 937 
10
688 598 183 831 141 96 308 417 365 176 
10
449 884 516 473 111 505 461 975 554 168 
10
389 169 396 30 403 203 754 414 672 898 
10
442 818 415 381 478 546 577 744 124 765 
10
530 550 702 808 848 949 696 852 432 843 
10
10 824 663 540 749 656 447 785 106 673 
10
88 156 322 77 547 93 969 690 221 385 
10
169 449 818 643 416 387 273 197 94 644 
10
332 74 97 709 6 341 307 706 528 10 
10
341 995 819 663 584 43 484 113 642 725 
10
247 717 838 682 765 700 331 640 288 707 

11
760 464 875 711 749 558 673 850 222 4 94 
11
202 744 526 581 532 285 462 828 54 514 219 
11
91 601 522 852 222 385 29 637 627 600 346 
11
549 727 538 578 619 165 841 414 311 701 183 
11
470 406 587 828 331 476 960 602 149 939 408 
11
433 995 409 558 717 332 929 979 34 693 665 
11
315 886 59 790 546 975 215 803 838 375 157 
11
852 770 899 222 940 432 54 790 300 411 97 
11
690 204 449 277 345 621 820 718 374 157 547 
11
828 253 140 746 540 757 780 751 846 37 179 
11
183 415 526 884 802 838 293 122 197 513 843 
11
293 17 897 415 60 731 725 762 486 715 140 
11
746 540 757 780 751 846 37 179 604 51 175 
11
584 962 315 216 940 467 960 689 106 141 852 
11
21 200 513 581 43 516 661 935 439 176 951 
11
827 124 606 964 57 65 520 531 757 486 921 
11
613 246 140 258 731 489 921 524 872 549 814 
11
673 389 594 149 619 602 51 674 204 150 65 
11
278 479 399 96 330 734 296 361 178 505 843 
11
553 694 749 898 869 310 317 929 447 406 703 
11
628 968 455 59 278 477 678 465 875 848 711 
11
538 97 1 558 603 608 820 908 613 577 473 
11
169 53 65 336 954 102 475 131 592 550 371 
11
356 892 527 727 558 532 137 209 725 857 678 
11
71 415 481 993 864 310 476 923 961 522 828 
11
375 550 892 310 424 59 336 776 6 446 187 
11
355 86 280 516 818 780 908 979 446 187 988 
11
575 892 869 221 322 51 692 527 625 368 479 
11
923 432 176 985 411 955 442 718 558 532 252 
11
58 330 72 824 530 673 665 438 406 955 522 
11
648 892 134 209 449 364 729 582 608 627 898 
11
614 93 347 365 729 302 424 176 294 847 528 
11
97 475 381 267 477 372 706 747 317 621 5 
11
637 315 294 222 284 886 457 309 294 224 656 
11
508 210 177 449 508 785 924 583 51 601 698 
11
700 140 65 376 534 546 117 258 983 133 994 
11
760 808 172 700 332 625 898 979 284 342 767 
11
331 223 194 96 629 315 621 562 81 792 123 
11
592 283 701 416 985 938 793 253 754 499 785 
11
979 924 583 51 601 698 762 900 396 955 46 
11
520 137 618 368 587 863 222 948 594 577 165 
11
446 273 411 232 887 999 825 997 825 457 993 
11
924 644 183 803 780 117 15 514 673 341 29 
11
873 527 944 455 718 582 283 877 673 25 420 
11
250 619 562 957 139 584 985 876 673 527 494 
11
884 885 73 11 107 416 72 403 323 477 364 
11
706 306 51 467 720 898 733 149 9 514 252 
11
754 54 376 100 752 331 440 825 855 415 673 
11
251 94 589 990 703 134 584 355 811 700 296 
11
339 254 17 513 111 15 69 882 682 332 157 
11
985 876 673 527 494 171 271 861 663 807 817 
11
700 489 531 619 148 744 499 975 193 86 68 
11
1 399 838 310 792 780 253 157 655 110 97 
11
519 694 875 75 876 601 349 138 604 349 587 
11
602 78 615 371 74 332 428 30 199 194 389 
11
955 794 414 673 538 962 284 717 172 77 409 
11
476 843 675 374 91 746 900 799 229 136 633 
11
508 111 619 892 408 828 567 283 167 940 726 
11
765 979 856 527 251 937 751 978 433 341 138 
11
718 718 899 489 648 46 464 581 676 364 844 
11
848 222 381 955 924 442 993 908 432 407 718 
11
899 489 648 46 464 581 676 364 844 874 949 
11
794 530 828 310 764 673 53 394 250 361 844 
11
444 993 372 476 210 731 546 746 838 590 5 
11
513 184 645 46 280 549 318 254 409 270 202 
11
656 807 269 863 73 411 270 54 792 21 415 
11
187 783 414 279 549 608 850 141 294 223 754 
11
212 711 172 160 4 731 331 479 757 348 311 
11
270 424 825 941 446 104 994 451 852 614 958 
11
133 9 5 65 276 294 223 754 673 263 54 
11
403 415 508 494 187 194 246 701 899 613 405 
11
478 874 396 828 488 673 604 935 505 619 224 
11
888 489 168 449 219 888 827 473 727 900 793 
11
21 202 887 799 160 766 725 300 365 814 549 
11
550 51 792 215 887 827 444 219 983 123 985 
11
908 133 591 980 9 12 738 687 524 473 937 
11
446 257 317 931 794 457 884 644 787 26 696 
11
994 554 10 336 558 990 661 747 836 615 71 
11
484 168 388 419 407 25 57 409 169 896 133 
11
908 328 138 877 679 536 660 288 197 56 618 
11
905 320 895 613 138 988 957 433 657 288 395 
11
478 97 584 118 9 202 345 844 999 246 863 
11
949 971 742 117 9 415 678 88 994 588 850 
11
999 152 584 153 725 102 363 838 614 447 838 
11
615 224 122 16 824 910 933 309 550 577 315 
11
729 26 524 346 703 981 554 93 707 499 828 
11
874 489 892 102 53 589 607 224 942 427 257 
11
202 746 718 900 612 783 160 783 711 431 599 
11
325 216 926 411 678 898 34 142 766 229 170 
11
284 965 852 524 577 315 706 54 752 861 679 
11
71 939 139 494 113 673 71 140 766 247 854 
11
949 549 720 680 498 828 457 22 11 464 599 
11
389 270 602 138 96 969 700 114 449 874 432 
11
219 139 96 53 519 577 585 539 990 489 451 
11
298 29 882 688 149 388 273 965 700 312 267 
11
954 663 218 411 209 516 577 892 141 116 91 
11
470 717 26 882 793 59 592 861 583 183 345 
11
94 53 746 172 567 980 152 896 751 530 749 
11
656 447 785 106 673 800 848 408 372 515 550 
11
968 375 478 193 888 34 661 88 847 961 690 

12
389 157 758 875 855 986 313 361 532 531 531 210 
12
908 415 77 498 131 276 381 972 793 331 929 792 
12
852 491 421 526 843 414 297 337 167 618 283 479 
12
279 381 178 54 516 219 385 931 190 9 874 345 
12
294 94 787 852 986 594 522 818 673 325 476 685 
12
389 931 682 389 96 341 734 526 838 375 157 841 
12
908 643 168 994 139 752 302 411 100 551 187 505 
12
365 965 516 852 37 914 673 183 604 660 325 202 
12
700 106 865 168 74 330 339 95 696 183 633 968 
12
613 964 432 54 790 300 411 97 858 168 584 522 
12
843 330 929 190 505 657 148 998 411 344 30 79 
12
804 838 221 77 738 447 476 169 183 744 582 522 
12
487 407 112 141 639 78 622 720 53 674 138 939 
12
408 297 139 754 780 114 615 671 405 97 11 200 
12
294 122 661 892 415 703 341 98 11 157 843 215 
12
4 171 183 633 968 442 250 567 348 625 810 54 
12
407 311 222 160 74 415 476 341 792 478 756 765 
12
77 415 703 341 98 11 157 843 215 160 584 884 
12
488 993 505 852 457 187 908 601 730 296 503 843 
12
229 645 898 869 310 317 929 447 406 703 700 709 
12
448 828 414 476 407 844 388 267 888 258 345 477 
12
399 112 247 394 96 647 744 994 309 476 993 715 
12
451 406 344 532 478 715 364 356 178 591 964 583 
12
81 662 183 591 318 854 574 522 757 508 531 111 
12
247 567 828 491 55 223 783 26 906 979 505 127 
12
105 876 848 168 644 744 800 348 86 11 568 522 
12
171 604 10 446 718 604 749 77 696 538 814 221 
12
523 648 325 93 882 17 499 818 293 222 84 647 
12
585 284 830 553 532 111 484 55 199 584 550 305 
12
317 167 604 749 77 696 538 814 221 84 403 955 
12
320 18 499 843 711 526 168 446 106 484 219 396 
12
97 475 381 267 477 372 706 747 317 621 5 693 
12
527 137 97 332 223 396 703 762 312 51 601 698 
12
538 694 448 106 589 730 524 599 602 698 416 984 
12
924 679 110 702 53 738 899 979 809 375 96 409 
12
54 804 419 985 688 321 98 606 872 527 694 53 
12
336 965 46 520 137 618 368 587 863 222 948 594 
12
863 123 853 59 787 398 94 661 760 431 515 673 
12
46 520 137 618 368 587 863 222 948 594 577 165 
12
505 818 770 102 484 506 648 861 222 678 787 253 
12
136 994 427 576 660 447 825 997 825 457 993 229 
12
678 251 619 321 832 282 222 678 787 253 17 69 
12
696 332 477 257 204 322 716 582 10 516 29 278 
12
886 75 11 136 388 194 637 183 105 639 405 277 
12
886 73 1 203 322 192 449 407 277 216 678 374 
12
96 411 675 341 157 673 25 420 415 828 574 283 
12
222 246 619 980 139 363 267 361 267 701 296 51 
12
241 746 751 54 662 749 312 832 528 619 720 899 
12
977 133 388 835 528 371 100 754 899 439 203 759 
12
6 578 246 754 900 961 411 878 10 513 694 447 
12
203 904 439 875 885 979 876 601 349 138 604 349 
12
550 892 205 84 197 783 680 882 792 375 194 438 
12
179 940 141 718 498 828 281 437 203 449 672 140 
12
415 828 574 283 437 421 187 388 403 875 682 526 
12
494 874 75 332 157 655 110 97 758 589 246 157 
12
355 587 698 857 527 113 547 76 197 194 84 752 
12
6 514 694 558 318 892 961 688 306 192 284 18 
12
731 508 187 388 403 875 682 526 451 917 579 676 
12
101 592 968 760 247 570 820 106 579 627 884 355 
12
534 532 828 567 283 167 940 726 362 344 216 877 
12
516 184 55 434 399 476 210 731 546 746 838 590 
12
168 4 790 330 931 583 810 282 18 12 692 302 
12
30 601 349 534 169 584 968 802 997 451 751 924 
12
328 29 202 948 481 874 524 532 149 216 746 212 
12
887 408 406 415 364 91 939 794 817 567 720 751 
12
838 432 341 706 800 388 277 294 776 414 25 290 
12
617 539 473 210 58 475 872 205 711 317 356 91 
12
258 170 725 751 247 353 526 169 116 969 696 498 
12
717 317 767 123 709 77 746 589 349 526 522 312 
12
86 416 273 717 409 364 835 366 955 193 567 676 
12
526 962 924 583 999 644 251 342 91 876 439 657 
12
321 356 60 138 449 816 59 276 93 841 141 765 
12
253 170 116 53 475 727 998 44 882 160 449 843 
12
527 312 767 998 791 383 856 613 861 524 473 937 
12
597 205 586 321 729 6 618 224 337 91 483 29 
12
690 88 998 766 172 86 140 988 554 355 481 187 
12
140 642 251 216 479 137 877 489 546 863 733 212 
12
746 924 46 792 269 18 290 197 393 169 438 852 
12
75 121 633 749 836 310 707 981 375 856 949 856 
12
10 804 106 183 656 53 661 725 102 363 838 614 
12
861 190 567 810 691 598 539 165 783 997 378 828 
12
590 205 345 60 484 541 608 138 803 59 752 725 
12
900 133 642 787 269 617 447 815 473 599 958 312 
12
931 481 717 331 77 998 378 419 921 505 43 276 
12
72 639 527 284 625 749 392 364 602 884 688 765 
12
414 407 169 389 515 266 621 183 887 793 345 94 
12
74 939 938 938 794 106 604 905 933 794 567 562 
12
872 489 220 570 122 294 767 553 968 711 6 690 
12
899 442 843 694 317 811 473 29 347 54 105 505 
12
532 550 720 102 709 331 526 550 676 498 962 799 
12
678 524 577 315 706 54 752 861 679 899 933 924 
12
481 546 990 588 277 965 799 802 123 765 817 310 
12
417 921 481 892 442 838 613 403 131 940 485 251 
12
339 91 470 717 26 882 793 59 592 861 583 183 
12
731 117 449 785 574 148 523 51 397 407 672 718 
12
680 598 884 57 416 720 589 958 422 852 467 546 
12
577 744 124 765 21 647 604 665 524 246 734 419 
12
720 177 887 328 60 853 439 578 277 440 872 102 
12
373 2 376 59 939 485 305 811 258 792 675 7 
12
341 94 709 908 597 71 65 97 505 149 284 707 

13
803 998 409 216 216 988 594 892 123 615 165 994 84 
13
618 680 539 298 17 558 717 332 929 979 34 693 665 
13
980 579 619 914 615 964 402 433 54 779 981 594 76 
13
136 409 267 743 489 399 706 564 892 473 273 345 954 
13
679 43 499 993 825 331 929 792 998 446 176 969 215 
13
216 765 319 342 734 288 983 504 104 1 450 878 549 
13
975 133 411 112 403 267 58 175 363 892 590 957 315 
13
385 707 564 413 100 280 619 820 54 873 55 674 861 
13
388 96 573 532 818 348 602 318 224 449 419 835 530 
13
127 661 148 939 355 716 700 564 603 550 541 168 363 
13
197 591 522 815 673 508 816 718 451 673 861 574 962 
13
516 581 402 563 193 700 552 944 583 522 298 886 415 
13
74 12 856 997 575 828 908 614 671 782 998 284 122 
13
629 698 749 88 341 72 738 218 868 55 5 179 446 
13
176 969 215 96 551 944 827 861 228 86 696 628 969 
13
320 444 856 160 74 415 476 341 792 478 756 765 362 
13
892 415 703 341 98 11 157 843 215 160 584 884 874 
13
310 222 449 576 43 779 331 617 702 448 718 725 134 
13
397 563 619 720 364 254 711 451 515 578 473 131 853 
13
269 886 222 177 633 924 160 584 884 874 432 250 393 
13
534 975 791 978 46 175 9 637 898 614 93 347 365 
13
767 409 91 865 55 278 337 832 229 396 74 573 473 
13
309 847 997 309 863 55 223 783 26 906 979 505 127 
13
746 780 431 675 783 102 332 602 820 293 861 549 532 
13
937 160 584 884 874 432 250 393 526 137 579 746 765 
13
221 523 648 325 93 882 17 499 818 293 222 84 647 
13
744 994 309 476 993 715 875 590 914 160 644 284 385 
13
216 177 673 465 203 584 318 51 330 776 26 40 136 
13
998 794 256 345 270 17 681 564 312 876 643 277 151 
13
843 457 25 906 979 575 346 440 515 22 97 661 783 
13
26 906 979 505 127 852 678 355 707 725 88 485 506 
13
884 258 887 141 994 971 839 282 701 762 300 202 55 
13
12 568 149 707 747 149 183 765 431 415 675 443 30 
13
176 908 949 215 783 247 141 156 604 676 251 479 816 
13
221 389 526 599 355 931 913 447 179 765 899 205 86 
13
647 539 184 765 998 432 406 403 78 403 403 853 123 
13
592 283 701 416 985 938 793 253 754 499 785 155 505 
13
578 875 643 539 371 534 220 379 100 702 263 139 308 
13
167 673 749 221 449 825 388 703 263 157 985 876 673 
13
183 92 138 843 528 546 638 43 199 523 546 962 575 
13
577 608 168 355 550 962 839 528 184 105 416 419 2 
13
390 91 247 887 601 968 411 984 924 432 106 758 102 
13
484 506 648 861 222 678 787 253 17 69 647 71 792 
13
54 467 372 96 618 118 727 899 432 960 575 283 476 
13
456 678 527 413 856 444 421 415 419 415 576 10 790 
13
54 290 424 415 875 330 841 691 288 202 284 54 524 
13
944 313 98 484 661 183 584 355 811 700 296 95 121 
13
619 980 139 363 267 361 267 701 296 51 862 615 585 
13
820 388 835 528 371 100 754 899 439 203 759 687 875 
13
847 221 831 228 393 627 277 317 764 979 432 825 528 
13
193 177 4 906 732 743 499 937 504 599 368 344 594 
13
627 607 122 994 678 140 604 321 86 702 302 792 530 
13
321 764 687 364 112 876 10 407 419 270 847 366 345 
13
729 7 514 944 825 228 345 406 419 279 202 829 941 
13
504 137 847 473 843 848 590 968 971 876 792 45 524 
13
494 648 760 687 725 317 892 447 672 451 917 579 676 
13
374 844 848 222 381 955 924 442 993 908 432 407 718 
13
598 999 908 226 345 138 9 674 53 11 5 674 747 
13
431 685 526 251 830 691 857 134 633 71 606 720 221 
13
586 676 882 205 246 157 765 348 558 730 499 541 149 
13
700 536 461 816 530 962 760 325 707 718 508 494 187 
13
645 803 700 582 968 876 949 924 141 355 97 876 160 
13
765 398 250 480 872 979 984 742 680 306 892 644 443 
13
993 9 731 114 156 48 434 715 274 167 160 77 397 
13
856 141 16 223 887 467 884 439 365 835 415 685 536 
13
892 679 725 852 141 355 97 876 160 77 397 406 106 
13
841 590 349 96 140 355 74 484 97 841 663 416 421 
13
25 202 567 355 97 876 160 77 397 406 106 707 274 
13
202 567 355 97 876 160 77 397 406 106 707 274 93 
13
852 134 985 9 692 846 141 95 841 869 733 26 57 
13
142 294 776 414 25 290 776 330 706 317 96 618 71 
13
589 5 5 136 355 844 141 91 97 618 438 456 127 
13
373 78 397 415 875 355 703 765 656 882 827 366 554 
13
608 277 51 142 91 876 439 657 332 267 18 824 415 
13
179 896 402 187 656 36 330 433 720 300 433 55 411 
13
273 876 961 549 246 861 524 473 937 284 716 331 96 
13
841 310 972 670 489 944 938 284 532 318 966 742 836 
13
17 622 748 398 187 678 536 680 88 483 944 193 381 
13
984 711 981 502 532 577 5 199 877 827 527 875 644 
13
25 341 357 481 111 718 300 767 491 494 619 23 551 
13
10 738 589 148 96 156 637 527 577 118 591 277 716 
13
114 644 321 406 875 799 528 875 827 663 134 803 802 
13
106 363 627 183 678 88 994 588 850 190 381 478 546 
13
283 223 122 591 850 979 690 284 477 541 671 88 54 
13
197 381 419 993 152 449 127 877 602 138 96 969 700 
13
317 479 187 887 613 465 937 139 96 53 519 577 585 
13
205 136 48 661 306 96 308 417 365 176 831 885 579 
13
118 673 584 585 325 77 97 969 123 91 308 594 861 
13
160 563 959 312 966 770 21 330 97 709 6 341 307 
13
724 978 502 402 309 479 413 921 788 528 608 106 16 
13
573 349 307 895 612 803 675 319 77 994 884 215 151 
13
637 709 331 526 550 676 498 962 799 675 718 589 782 
13
160 904 933 760 222 361 984 588 508 595 204 516 680 
13
498 828 457 22 11 464 599 438 127 4 57 853 679 
13
498 532 246 339 995 884 320 297 550 959 711 478 532 
13
608 447 818 258 56 639 416 55 758 37 589 138 55 
13
105 744 998 837 682 7 464 29 138 116 765 269 270 
13
223 701 54 754 530 985 122 803 590 905 505 284 707 
13
431 364 875 613 355 277 841 977 588 138 388 399 921 
13
809 415 917 864 907 446 727 718 117 271 86 644 857 

14
770 319 385 157 852 770 899 222 940 432 54 790 300 411 
14
534 884 678 539 785 362 192 9 171 388 895 590 266 393 
14
724 448 232 725 374 440 853 247 84 573 113 142 258 629 
14
820 117 882 567 892 488 341 51 176 363 270 877 691 106 
14
524 364 625 820 673 539 648 122 629 698 749 88 341 72 
14
5 94 824 718 448 984 583 962 613 246 140 258 731 489 
14
203 355 792 331 202 513 599 284 983 751 524 578 43 176 
14
707 564 413 100 280 619 820 54 873 55 674 861 425 78 
14
12 62 674 183 644 349 792 528 785 300 361 841 37 475 
14
508 657 315 222 766 77 202 91 464 106 141 852 160 54 
14
779 981 594 76 738 134 105 882 488 209 494 917 792 478 
14
685 224 725 416 91 862 530 786 900 141 15 446 673 224 
14
470 960 315 877 941 489 209 4 132 754 899 457 364 428 
14
955 435 838 530 874 691 403 100 403 97 647 148 483 672 
14
988 777 751 898 663 539 625 968 313 424 853 206 105 138 
14
754 994 505 816 253 629 968 313 424 853 206 105 138 727 
14
288 736 857 282 17 167 53 116 411 995 309 424 232 140 
14
758 899 869 55 116 606 863 678 447 478 993 309 437 828 
14
780 54 65 12 321 854 206 96 882 366 658 508 127 592 
14
149 97 11 200 48 674 71 467 309 476 993 715 875 590 
14
884 29 399 311 444 673 71 787 478 209 160 415 403 995 
14
924 266 462 30 136 15 390 91 647 850 574 957 313 294 
14
151 65 199 271 94 403 91 647 850 574 957 313 294 557 
14
603 246 831 770 546 892 134 209 449 364 729 582 608 627 
14
246 831 770 546 892 134 209 449 364 729 582 608 627 898 
14
847 160 308 424 323 93 792 117 105 409 814 375 534 814 
14
124 397 97 142 547 494 506 531 187 92 485 219 84 347 
14
477 993 688 251 56 804 392 74 696 101 606 627 980 284 
14
830 553 532 111 484 55 199 584 550 305 717 540 603 627 
14
924 439 2 321 617 246 381 96 247 141 156 604 676 251 
14
381 534 29 176 355 29 790 398 995 427 828 26 407 838 
14
26 475 921 467 756 852 55 415 602 698 416 984 760 431 
14
875 415 554 451 25 176 655 138 74 330 197 449 421 419 
14
232 948 320 56 415 323 30 175 95 197 449 421 419 878 
14
17 880 663 748 743 7 914 467 672 564 595 577 914 160 
14
644 284 385 100 409 554 962 726 780 117 15 514 673 341 
14
892 73 280 886 614 999 433 515 625 205 783 348 96 702 
14
416 602 702 747 409 59 690 36 692 53 376 526 184 584 
14
51 738 486 581 914 679 527 814 229 299 294 717 524 184 
14
48 804 908 408 59 662 106 121 876 330 86 661 749 331 
14
965 552 962 84 485 843 55 690 53 690 762 978 556 346 
14
972 411 602 968 481 581 283 847 221 831 228 393 627 277 
14
886 73 1 203 322 192 449 407 277 216 678 374 344 895 
14
979 715 536 619 980 139 363 267 361 267 701 296 51 862 
14
222 246 619 980 139 363 267 361 267 701 296 51 862 615 
14
5 399 627 325 477 581 820 457 365 112 619 325 400 984 
14
556 266 480 364 558 346 550 266 701 540 43 376 194 896 
14
205 896 977 760 680 101 416 2 107 998 372 844 473 661 
14
46 573 914 435 25 136 969 133 53 524 619 607 153 655 
14
760 102 754 6 516 694 489 872 73 615 720 77 606 315 
14
776 398 838 59 551 957 481 127 584 93 754 478 210 629 
14
284 424 169 48 662 251 570 283 339 895 95 758 979 825 
14
855 415 673 709 846 473 818 855 258 886 160 48 858 847 
14
488 298 93 746 998 9 407 828 55 1 779 172 725 362 
14
77 138 718 718 899 489 648 46 464 581 676 364 844 874 
14
73 876 10 407 419 270 847 366 345 587 959 938 84 121 
14
584 702 536 962 688 489 757 247 937 139 673 762 348 96 
14
754 26 330 29 738 312 395 176 637 447 720 409 187 84 
14
618 850 910 402 72 276 929 504 694 584 959 139 908 793 
14
330 29 738 312 395 176 637 447 720 409 187 84 639 183 
14
177 868 999 711 718 149 642 46 865 613 43 865 979 742 
14
998 799 247 937 139 673 762 348 96 727 499 546 680 857 
14
615 607 148 513 371 481 648 443 387 984 9 223 94 97 
14
853 310 395 250 353 357 74 68 409 364 835 366 955 193 
14
84 746 26 415 960 971 433 923 583 924 751 325 833 910 
14
613 935 139 591 5 420 825 83 258 317 707 149 385 875 
14
524 828 221 887 679 306 365 481 937 575 246 409 25 341 
14
811 530 312 400 415 25 787 37 858 613 405 960 703 149 
14
877 266 424 203 731 431 993 502 494 546 165 55 276 709 
14
486 478 648 628 783 770 908 215 619 224 926 552 671 134 
14
985 9 692 846 141 95 841 869 733 26 57 606 389 406 
14
169 637 403 169 55 615 861 792 269 18 290 197 393 169 
14
637 403 169 55 615 861 792 269 18 290 197 393 169 438 
14
372 627 465 578 999 322 833 643 332 558 702 743 673 875 
14
432 209 141 91 97 618 438 456 127 355 94 843 73 853 
14
75 397 718 114 709 221 17 290 764 414 718 431 657 725 
14
331 811 55 629 46 475 97 156 449 815 848 516 81 579 
14
924 139 91 841 457 531 577 321 138 271 72 853 949 703 
14
765 656 882 827 366 554 602 508 962 312 417 381 415 381 
14
856 682 582 898 133 877 583 371 984 644 140 940 193 141 
14
765 780 247 877 160 388 718 900 612 783 160 783 711 431 
14
334 77 853 979 700 743 348 995 726 177 678 994 122 95 
14
584 153 725 102 363 838 614 447 838 73 140 77 841 682 
14
846 999 726 26 551 720 908 751 725 687 77 841 682 486 
14
694 284 625 749 392 364 602 884 688 765 553 810 222 886 
14
402 179 948 856 977 690 765 770 21 330 97 709 6 341 
14
60 519 76 140 940 193 141 584 607 465 673 994 167 948 
14
802 310 895 328 112 985 779 160 389 273 625 527 608 23 
14
280 192 56 519 149 116 355 838 613 403 131 940 485 251 
14
929 809 488 603 204 983 779 711 899 933 924 133 584 988 
14
779 997 489 619 110 673 780 855 447 171 831 694 114 877 
14
602 138 96 969 700 114 449 874 432 487 348 838 524 283 
14
395 179 629 332 344 955 852 355 985 246 876 793 83 363 
14
675 780 711 528 730 673 498 169 567 371 718 924 971 322 
14
77 547 93 969 690 221 385 30 138 637 364 673 284 356 
14
59 639 882 57 258 72 483 113 95 633 53 939 984 167 
14
379 515 746 908 794 802 444 874 102 591 224 847 467 220 
14
353 59 592 861 583 183 345 554 122 4 280 157 948 770 
14
388 25 141 116 91 718 924 971 322 345 323 703 978 489 
14
348 853 439 578 277 440 872 102 908 924 876 442 828 190 

15
415 96 290 479 508 720 448 675 325 444 985 933 266 393 811 
15
978 133 197 505 372 86 622 985 583 962 315 216 940 467 960 
15
827 155 853 553 168 618 246 284 585 461 718 101 434 838 222 
15
385 29 637 627 600 346 56 69 692 665 935 408 526 818 123 
15
485 825 718 321 877 678 958 913 614 283 983 409 74 202 765 
15
319 342 734 288 983 504 104 1 450 878 549 29 914 10 359 
15
223 96 573 532 818 348 602 318 224 449 419 835 530 727 263 
15
831 124 629 577 451 72 12 897 643 5 518 838 986 839 37 
15
203 513 852 817 348 30 693 46 40 475 309 557 494 104 475 
15
273 877 55 407 357 197 513 843 37 906 614 600 51 65 199 
15
355 532 872 345 98 865 228 523 298 361 400 311 863 678 447 
15
176 53 69 618 749 71 199 91 280 204 385 811 253 58 618 
15
985 409 526 298 942 799 212 105 142 209 105 876 848 168 644 
15
368 433 554 546 717 882 432 323 167 969 594 680 803 348 270 
15
141 758 718 882 848 388 587 346 192 95 647 585 284 830 553 
15
944 160 74 415 476 341 792 478 756 765 362 428 675 760 981 
15
751 780 54 65 12 321 854 206 96 882 366 658 508 127 592 
15
884 473 421 54 116 409 640 118 68 573 149 74 341 197 494 
15
387 706 448 2 856 425 838 817 656 325 617 872 473 993 794 
15
838 553 184 591 875 488 720 604 820 221 783 838 997 556 638 
15
122 68 601 730 296 503 843 269 983 481 334 223 284 361 96 
15
11 321 167 847 160 308 424 323 93 792 117 105 409 814 375 
15
550 892 310 424 59 336 776 6 446 187 988 688 527 111 752 
15
899 330 56 520 786 478 921 961 594 246 393 344 841 206 55 
15
278 337 832 229 396 74 573 473 381 563 169 673 403 955 504 
15
843 997 938 226 284 942 315 876 910 977 481 657 905 396 995 
15
688 552 321 51 223 389 311 167 505 578 875 643 539 371 534 
15
599 283 411 54 12 693 448 960 791 673 183 92 138 843 528 
15
97 475 381 267 477 372 706 747 317 621 5 693 36 136 843 
15
160 415 403 995 971 552 348 767 900 792 718 875 310 93 197 
15
4 307 929 827 247 83 647 183 92 138 843 528 546 638 43 
15
420 323 709 526 599 355 931 913 447 179 765 899 205 86 138 
15
841 711 875 874 874 17 906 266 122 209 904 160 673 807 530 
15
717 447 960 933 402 955 583 165 591 749 751 114 853 488 884 
15
615 246 83 403 54 622 349 356 895 792 392 481 233 381 844 
15
425 476 720 875 258 66 464 209 896 524 694 364 534 532 619 
15
924 583 51 601 698 762 900 396 955 46 415 875 330 841 691 
15
538 193 77 11 179 92 661 803 221 678 321 625 325 270 503 
15
298 437 187 494 838 228 629 325 197 388 835 528 371 100 754 
15
808 221 379 311 621 980 794 998 984 876 614 118 579 820 168 
15
908 408 59 662 106 121 876 330 86 661 749 331 178 105 853 
15
802 908 961 552 169 95 484 661 183 584 355 811 700 296 95 
15
606 968 481 581 283 847 221 831 228 393 627 277 317 764 979 
15
715 536 619 980 139 363 267 361 267 701 296 51 862 615 585 
15
10 906 447 203 904 439 875 885 979 876 601 349 138 604 349 
15
724 319 532 321 965 924 688 364 91 484 210 246 337 96 258 
15
736 317 223 629 284 424 169 48 662 251 570 283 339 895 95 
15
484 661 183 584 355 811 700 296 95 121 843 432 169 940 139 
15
363 267 361 267 701 296 51 862 615 585 627 508 944 552 875 
15
673 332 178 96 105 853 366 100 592 246 516 193 389 232 754 
15
900 961 411 878 10 513 694 447 381 955 924 442 993 908 432 
15
508 673 448 715 319 270 216 731 362 100 15 136 9 65 615 
15
315 192 645 783 124 54 551 149 355 96 939 777 725 362 345 
15
895 408 72 876 613 744 431 169 96 939 777 725 362 345 267 
15
503 625 539 461 257 353 558 550 746 102 619 183 86 416 273 
15
557 577 600 122 54 330 707 994 770 253 886 447 917 442 334 
15
356 558 608 315 270 317 841 29 622 389 675 288 709 284 621 
15
935 504 717 486 786 221 141 16 223 887 467 884 439 365 835 
15
549 346 706 898 160 271 424 875 949 788 770 124 644 552 730 
15
981 229 136 633 224 462 233 477 872 524 962 876 160 77 397 
15
984 984 663 448 387 323 29 467 884 439 365 835 415 685 536 
15
169 105 97 15 692 875 205 887 679 306 365 481 937 575 246 
15
157 765 348 558 730 499 541 149 988 799 457 818 941 788 700 
15
88 754 247 480 786 222 619 405 169 116 969 696 498 184 449 
15
720 743 102 579 810 425 399 415 179 896 402 187 656 36 330 
15
96 998 451 257 222 888 799 457 818 941 788 700 486 187 246 
15
411 270 54 792 21 415 179 896 402 187 656 36 330 433 720 
15
409 187 84 639 183 284 72 519 962 703 765 656 882 827 366 
15
476 171 116 363 995 554 863 792 26 341 297 892 432 720 998 
15
502 413 273 549 914 34 524 149 150 494 892 432 720 998 588 
15
122 718 362 995 661 332 587 118 951 193 887 435 657 364 554 
15
608 277 51 142 91 876 439 657 332 267 18 824 415 678 88 
15
852 614 958 427 923 46 141 765 780 247 877 160 388 718 900 
15
315 29 573 968 984 123 446 581 349 703 508 402 179 948 856 
15
601 850 885 827 222 17 787 26 696 77 15 824 874 583 744 
15
247 170 563 698 486 252 863 266 734 589 325 534 51 411 131 
15
700 486 187 246 222 337 297 440 599 183 567 999 895 328 112 
15
969 678 464 872 439 219 926 505 828 258 549 602 861 961 852 
15
601 277 72 416 718 300 767 491 494 619 23 551 698 981 766 
15
780 37 394 169 896 133 216 926 411 678 898 34 142 766 229 
15
139 765 414 407 169 389 515 266 621 183 887 793 345 94 53 
15
276 954 549 749 253 929 788 855 977 502 962 372 419 720 177 
15
759 172 84 579 980 502 828 869 799 59 121 642 332 344 955 
15
703 409 203 887 613 465 937 139 96 53 519 577 585 539 990 
15
44 332 112 9 787 855 266 72 140 584 935 193 887 328 60 
15
484 546 749 680 994 378 2 573 153 563 122 216 480 371 415 
15
756 656 725 478 944 856 432 506 149 388 273 965 700 312 267 
15
621 403 421 334 74 619 110 673 780 855 447 171 831 694 114 
15
446 884 613 665 464 137 105 744 998 837 682 7 464 29 138 
15
4 573 118 449 818 643 416 387 273 197 94 644 875 102 16 
15
862 439 487 321 77 483 603 783 228 216 353 985 895 409 720 
15
26 394 179 887 320 96 718 687 508 346 853 95 633 53 939 
15
924 864 732 673 994 167 948 678 284 254 709 978 28 629 882 
15
688 149 388 273 965 700 312 267 192 585 958 123 494 149 84 
15
843 792 55 754 491 828 73 994 820 330 476 619 321 345 602 
15
438 285 433 487 305 138 449 22 142 645 558 118 385 309 112 
15
908 552 246 549 968 661 88 847 961 690 546 78 308 91 505 
15
266 776 282 433 285 157 140 388 309 77 584 884 504 875 455 
15
975 44 702 431 815 615 628 36 484 532 702 26 197 157 567 
15
153 438 210 411 917 688 808 258 223 317 60 841 447 168 56 

16
475 187 415 297 926 10 171 156 727 53 790 998 575 638 78 573 
16
220 271 299 736 288 754 582 532 818 348 602 318 224 449 419 835 
16
419 526 487 309 353 30 250 140 121 629 93 464 279 754 498 55 
16
97 662 371 86 573 532 818 348 602 318 224 449 419 835 530 727 
16
140 519 581 638 810 979 522 285 66 692 23 250 678 224 55 116 
16
347 621 10 874 528 210 48 176 415 91 464 106 141 852 160 54 
16
176 584 962 432 814 398 534 648 898 258 299 361 440 250 743 71 
16
278 886 83 573 251 829 656 744 584 522 578 169 969 522 872 221 
16
96 862 168 388 479 309 861 206 271 887 590 149 841 817 998 715 
16
321 224 725 416 91 862 530 786 900 141 15 446 673 224 322 876 
16
567 603 608 914 999 924 949 602 51 674 204 150 65 738 88 330 
16
717 374 428 814 155 483 756 899 141 998 309 224 322 876 473 131 
16
702 443 176 709 448 828 414 476 407 844 388 267 888 258 345 477 
16
169 584 149 619 602 51 674 204 150 65 738 88 330 72 824 530 
16
171 363 440 176 604 730 447 2 534 625 246 629 349 365 724 296 
16
411 345 832 330 51 731 857 574 312 437 72 376 594 165 604 355 
16
764 149 97 11 200 48 674 71 467 309 476 993 715 875 590 914 
16
10 359 841 21 568 532 97 347 477 993 688 251 56 804 392 74 
16
622 93 330 93 1 534 168 644 744 800 348 86 11 568 522 97 
16
11 200 48 674 71 467 309 476 993 715 875 590 914 160 644 284 
16
516 531 937 583 346 764 852 574 81 858 310 717 558 402 481 657 
16
284 570 962 612 720 263 619 168 633 118 397 91 142 74 280 361 
16
767 852 206 77 573 522 22 179 449 106 411 627 349 254 619 368 
16
931 679 803 155 470 678 46 136 97 615 968 726 582 550 451 825 
16
293 701 538 252 56 336 716 489 816 293 557 962 825 817 770 680 
16
106 629 368 550 321 93 142 618 969 84 403 955 504 785 325 532 
16
168 951 133 209 637 205 160 644 284 385 100 409 554 962 726 780 
16
908 979 446 187 988 688 527 111 752 981 284 170 449 825 388 703 
16
140 841 160 709 288 409 78 330 716 296 424 878 141 470 720 846 
16
855 678 183 877 17 179 95 247 345 767 899 524 252 754 54 376 
16
811 656 405 307 717 857 802 998 549 638 284 222 948 594 577 165 
16
373 706 364 417 602 577 318 72 551 402 78 882 885 601 810 986 
16
284 886 457 309 294 224 656 224 948 522 29 65 280 222 567 318 
16
93 876 643 277 151 415 675 443 30 65 524 694 364 534 532 619 
16
999 856 549 348 157 373 563 957 46 601 872 615 349 550 892 205 
16
116 416 985 938 793 253 754 499 785 155 505 828 855 29 278 877 
16
258 94 629 205 645 389 640 183 494 578 608 349 895 266 361 558 
16
461 131 547 451 309 93 606 959 552 892 524 892 205 84 197 783 
16
256 94 661 760 431 515 673 628 892 524 892 205 84 197 783 680 
16
341 433 515 625 205 783 348 96 702 447 407 176 494 786 998 238 
16
393 995 703 263 157 985 876 673 527 494 171 271 861 663 807 817 
16
229 629 720 71 11 516 187 725 899 355 811 700 296 95 121 843 
16
678 527 413 856 444 421 415 419 415 576 10 790 780 392 838 83 
16
485 818 700 263 830 425 515 252 736 981 856 17 65 347 138 373 
16
112 939 455 923 432 960 575 283 476 818 168 803 37 241 204 829 
16
282 877 614 898 432 508 673 448 715 319 270 216 731 362 100 15 
16
40 199 322 764 177 940 504 625 277 863 134 709 780 998 799 247 
16
754 431 106 592 676 700 296 95 121 843 432 169 940 139 505 944 
16
504 937 34 336 29 618 720 172 940 409 673 36 787 375 94 939 
16
313 776 836 310 776 718 718 899 489 648 46 464 581 676 364 844 
16
221 887 524 371 60 1 516 184 55 434 399 476 210 731 546 746 
16
54 464 456 334 356 558 608 315 270 317 841 29 622 389 675 288 
16
339 658 355 534 532 828 567 283 167 940 726 362 344 216 877 266 
16
385 955 575 671 700 536 461 816 530 962 760 325 707 718 508 494 
16
727 317 395 602 562 914 688 558 51 434 678 725 751 247 353 526 
16
532 638 224 877 979 433 399 875 190 284 51 394 875 977 678 306 
16
832 59 394 985 663 321 767 718 317 178 523 532 522 402 718 362 
16
357 96 758 247 139 446 372 481 786 530 312 400 415 25 787 37 
16
467 233 585 810 168 77 484 757 284 93 998 554 608 277 51 142 
16
446 921 215 586 246 830 83 397 419 685 540 284 709 149 271 294 
16
56 394 984 312 365 703 319 157 150 765 392 878 961 856 694 319 
16
400 72 197 379 627 905 315 767 680 447 257 847 457 661 53 615 
16
935 825 59 142 355 526 43 865 979 742 177 904 57 629 106 584 
16
168 584 246 480 648 251 503 184 84 592 153 494 546 165 55 276 
16
339 138 16 330 417 179 783 45 394 673 489 29 862 524 81 15 
16
223 136 673 288 954 794 383 277 95 841 869 733 26 57 606 389 
16
277 549 680 558 10 520 962 432 921 751 836 258 437 657 416 718 
16
508 494 187 194 246 701 899 613 405 960 703 149 940 688 319 966 
16
856 885 679 447 751 325 833 910 612 782 247 216 983 451 285 625 
16
204 299 197 831 222 983 799 855 613 884 435 55 606 405 875 160 
16
105 74 752 398 718 268 549 283 792 160 116 633 443 233 886 432 
16
993 690 846 457 815 941 284 832 643 787 997 101 183 394 364 232 
16
516 828 444 751 836 258 437 657 416 718 300 767 491 494 619 23 
16
787 21 787 700 284 832 643 787 997 101 183 394 364 232 385 59 
16
276 93 841 141 765 780 247 877 160 388 718 900 612 783 160 783 
16
229 122 744 117 373 985 502 251 424 365 232 701 981 957 678 994 
16
644 527 76 758 124 591 325 433 456 818 222 937 760 293 767 229 
16
570 968 312 658 364 853 979 375 476 717 6 241 317 587 284 365 
16
78 939 309 707 362 403 685 498 251 929 809 488 603 204 983 779 
16
229 937 284 716 331 96 707 268 709 54 702 808 848 949 696 852 
16
613 204 886 402 179 948 856 977 690 765 770 21 330 97 709 6 
16
199 83 876 583 205 888 689 284 395 25 11 573 315 216 411 672 
16
540 730 177 656 526 875 435 506 169 449 818 643 416 387 273 197 
16
56 618 665 134 48 606 224 151 55 746 998 546 93 415 720 247 
16
224 937 938 760 375 419 372 878 516 149 388 273 965 700 312 267 
16
617 665 857 733 117 908 46 411 381 169 948 984 28 485 251 93 
16
388 169 194 141 77 579 585 284 841 979 322 357 277 365 828 601 
16
405 203 479 546 720 838 10 57 416 720 589 958 422 852 467 546 
16
355 627 807 488 619 355 59 258 56 639 416 55 758 37 589 138 
16
494 251 854 160 389 273 625 527 608 23 792 549 959 123 4 524 
16
318 216 139 584 284 440 127 385 273 477 371 718 924 971 322 345 
16
481 184 586 539 355 323 311 216 353 985 895 409 720 325 703 680 
16
598 884 57 416 720 589 958 422 852 467 546 246 95 505 746 222 
16
353 554 246 854 447 874 613 564 153 84 53 939 984 167 299 587 
16
43 411 672 319 112 513 875 102 16 403 672 284 707 177 746 770 
16
383 364 875 613 355 277 841 977 588 138 388 399 921 193 337 554 
16
959 770 997 259 602 665 780 528 749 45 754 21 615 321 640 134 
16
77 584 183 141 55 939 696 300 706 838 733 172 83 644 218 317 
16
96 951 852 467 546 246 95 505 746 222 317 344 675 409 816 601 
16
465 252 621 787 691 546 969 322 91 744 222 863 688 300 563 935 

17
979 320 861 383 29 446 985 583 962 315 216 940 467 960 689 106 141 
17
702 106 858 700 23 157 619 10 558 546 168 707 527 785 998 788 899 
17
444 838 908 663 744 857 388 417 844 986 46 176 709 448 828 414 476 
17
106 551 625 749 875 345 709 25 573 348 832 221 160 843 21 390 534 
17
578 251 759 780 362 477 875 55 175 415 703 341 98 11 157 843 215 
17
48 107 1 445 277 887 848 21 446 875 941 799 589 884 222 388 534 
17
818 673 325 476 685 71 12 179 604 51 175 644 118 411 194 91 434 
17
814 284 754 524 127 618 749 71 199 91 280 204 385 811 253 58 618 
17
863 711 332 549 717 140 758 899 869 55 116 606 863 678 447 478 993 
17
84 467 364 86 690 106 792 680 748 780 300 409 640 118 68 573 149 
17
15 304 886 432 554 814 331 51 674 204 150 65 738 88 330 72 824 
17
680 905 134 397 563 619 720 364 254 711 451 515 578 473 131 853 106 
17
403 112 876 549 541 673 138 853 282 516 578 81 464 169 373 966 933 
17
432 554 814 331 51 674 204 150 65 738 88 330 72 824 530 673 665 
17
539 97 434 602 914 682 665 958 320 549 220 563 532 599 10 390 100 
17
11 359 86 862 281 337 602 246 743 994 688 443 478 672 760 751 274 
17
888 415 995 788 680 760 274 477 923 355 178 700 374 138 841 711 875 
17
802 256 58 692 552 193 216 177 673 465 203 584 318 51 330 776 26 
17
914 682 665 958 320 549 220 563 532 599 10 390 100 629 898 613 968 
17
313 424 853 206 105 138 727 540 694 787 589 51 330 776 26 40 136 
17
939 827 330 56 520 786 478 921 961 594 246 393 344 841 206 55 622 
17
968 594 550 193 765 808 680 183 642 325 954 34 175 294 317 56 241 
17
948 315 339 532 673 447 187 216 322 56 601 990 760 499 127 619 5 
17
65 202 940 435 878 366 550 532 29 779 478 917 467 381 357 550 532 
17
625 969 751 765 114 484 55 199 584 550 305 717 540 603 627 371 558 
17
251 393 100 615 872 29 40 420 675 749 508 874 527 541 532 184 4 
17
200 940 402 194 150 470 993 971 794 718 218 396 835 855 675 807 330 
17
98 876 415 853 678 110 484 751 221 759 54 573 875 869 643 389 476 
17
209 637 205 160 644 284 385 100 409 554 962 726 780 117 15 514 673 
17
665 438 406 955 522 625 349 157 951 141 707 306 734 284 877 330 365 
17
550 117 121 758 268 516 937 689 700 747 981 938 320 223 567 875 330 
17
832 383 112 746 317 56 241 56 787 348 707 447 421 576 165 655 665 
17
748 317 617 999 549 451 169 449 169 513 137 707 857 29 136 183 584 
17
550 305 717 540 603 627 371 558 522 252 983 556 81 332 400 59 280 
17
353 356 724 88 876 869 17 514 625 148 644 861 910 799 375 60 551 
17
451 875 258 66 464 209 896 524 694 364 534 532 619 205 84 197 783 
17
924 644 183 803 780 117 15 514 673 341 29 498 648 748 331 767 924 
17
644 183 803 780 117 15 514 673 341 29 498 648 748 331 767 924 57 
17
787 836 530 892 979 938 328 270 886 682 140 847 488 298 93 746 998 
17
485 233 711 540 251 983 193 116 727 486 127 156 355 433 685 747 900 
17
205 322 532 494 578 608 349 895 266 361 558 284 54 524 321 86 702 
17
875 141 308 621 371 297 294 167 216 394 853 415 415 406 72 615 325 
17
625 148 644 861 910 799 375 60 551 473 233 462 456 720 284 854 258 
17
337 178 385 194 55 57 696 489 818 160 95 121 843 432 169 940 139 
17
183 96 702 447 407 176 494 786 998 238 585 93 121 388 554 318 440 
17
179 4 578 863 258 937 522 193 322 86 68 475 285 549 149 294 72 
17
403 323 477 364 96 105 853 366 100 592 246 516 193 389 232 754 589 
17
720 319 965 864 869 330 254 937 583 698 464 599 321 178 116 388 602 
17
969 309 30 618 585 702 875 10 873 10 508 694 218 56 403 673 762 
17
838 59 551 957 481 127 584 93 754 478 210 629 884 432 407 718 743 
17
114 876 601 349 138 604 349 587 810 457 257 385 838 444 372 307 270 
17
170 803 553 884 949 794 530 828 310 764 673 53 394 250 361 844 527 
17
619 325 400 984 825 528 451 387 838 432 341 706 800 388 277 294 776 
17
718 718 899 489 648 46 464 581 676 364 844 874 949 864 613 325 729 
17
743 331 29 199 759 979 229 888 447 387 602 205 887 679 306 365 481 
17
531 638 438 718 77 411 59 792 986 852 141 355 97 876 160 77 397 
17
675 451 334 96 939 777 725 362 345 267 424 309 841 643 552 608 43 
17
662 527 451 720 317 400 419 30 787 45 330 833 29 690 88 998 766 
17
398 856 615 935 825 59 142 355 526 43 865 979 742 177 904 57 629 
17
782 908 516 321 972 703 319 157 150 765 392 878 961 856 694 319 729 
17
852 663 709 718 274 339 811 574 676 263 424 407 106 54 615 884 827 
17
59 792 986 852 141 355 97 876 160 77 397 406 106 707 274 93 483 
17
786 330 729 546 875 977 678 306 86 853 75 397 718 114 709 221 17 
17
520 305 764 331 833 444 104 584 368 125 744 979 908 455 285 223 736 
17
998 451 257 222 888 799 457 818 941 788 700 486 187 246 222 337 297 
17
776 908 102 483 937 446 257 317 931 794 457 884 644 787 26 696 77 
17
484 975 984 9 223 94 97 483 168 523 522 522 266 876 732 177 449 
17
456 581 969 229 926 46 882 732 102 388 576 349 91 65 746 155 637 
17
23 573 968 229 337 267 854 694 800 425 381 875 489 413 407 421 921 
17
594 153 150 803 530 76 416 203 83 209 136 216 477 599 183 567 999 
17
644 251 342 91 876 439 657 332 267 18 824 415 678 88 994 588 850 
17
330 594 205 56 629 23 662 288 625 23 862 733 589 892 57 484 892 
17
226 17 622 748 398 187 678 536 680 88 483 944 193 381 2 202 888 
17
644 341 112 415 203 877 732 478 599 325 216 926 411 678 898 34 142 
17
216 479 137 877 489 546 863 733 212 983 661 489 494 117 700 852 977 
17
372 59 409 875 679 302 254 54 411 407 203 619 46 197 462 937 193 
17
743 256 476 137 988 644 538 165 904 141 940 556 872 644 332 74 97 
17
584 118 9 202 345 844 999 246 863 961 808 123 642 451 872 226 503 
17
117 633 552 355 307 931 864 961 670 536 246 437 843 979 766 247 854 
17
682 846 999 726 26 551 720 908 751 725 687 77 841 682 486 532 10 
17
415 718 998 726 978 451 210 477 541 671 88 54 746 725 924 688 508 
17
532 608 138 803 59 752 725 177 394 25 394 685 765 247 167 948 678 
17
582 315 479 252 202 619 403 203 754 414 672 898 583 277 270 625 321 
17
706 751 419 921 505 43 276 192 345 307 966 123 765 817 310 216 361 
17
853 524 746 123 655 604 224 361 675 319 77 994 884 215 151 896 409 
17
341 844 613 760 330 100 718 978 766 21 394 421 751 330 703 6 524 
17
746 123 655 604 224 361 675 319 77 994 884 215 151 896 409 387 169 
17
194 141 77 579 585 284 841 979 322 357 277 365 828 601 665 994 746 
17
392 508 149 177 743 419 104 505 81 388 685 508 149 896 46 121 4 
17
241 863 679 598 138 766 817 663 582 43 702 900 726 155 140 645 134 
17
150 55 105 744 998 837 682 7 464 29 138 116 765 269 270 365 718 
17
26 403 718 478 220 886 442 818 141 55 939 696 300 706 838 733 172 
17
246 339 995 884 320 297 550 959 711 478 532 602 46 416 599 46 758 
17
530 246 854 447 874 613 564 153 84 53 939 984 167 299 587 438 727 
17
117 642 364 72 483 113 95 633 53 939 984 167 299 587 438 727 124 
17
92 415 917 864 907 446 727 718 117 271 86 644 857 602 355 576 405 
17
923 715 177 586 958 711 177 83 969 322 91 744 222 863 688 300 563 
17
349 838 190 888 141 523 863 913 309 91 744 222 863 688 300 563 935 
17
856 489 532 355 856 583 405 387 399 672 149 140 896 446 673 221 437 
17
531 749 491 43 746 491 312 357 828 792 444 97 449 717 331 853 402 

18
138 484 875 228 470 270 393 406 91 341 621 355 965 579 461 279 66 336 
18
202 700 106 865 168 74 330 339 95 696 183 633 968 442 250 567 348 625 
18
985 141 746 296 516 581 402 563 193 700 552 944 583 522 298 886 415 481 
18
179 308 353 792 998 446 176 969 215 96 551 944 827 861 228 86 696 628 
18
355 832 725 882 549 599 746 584 892 366 178 951 402 100 882 29 179 985 
18
504 720 374 254 246 759 598 577 962 57 116 661 539 673 204 4 304 877 
18
678 958 913 614 283 983 409 74 202 765 274 585 76 290 480 993 809 123 
18
629 702 564 494 672 389 138 258 711 374 724 875 675 71 241 246 629 349 
18
602 875 55 175 415 703 341 98 11 157 843 215 160 584 884 874 432 250 
18
379 931 266 56 731 489 921 524 872 549 814 680 665 782 908 682 183 513 
18
581 43 516 661 935 439 176 951 432 985 597 51 5 157 584 746 899 999 
18
411 60 5 518 838 986 839 37 97 403 344 625 959 455 508 127 592 165 
18
388 594 284 926 266 746 898 134 592 608 749 899 885 527 97 485 55 804 
18
979 933 961 133 416 481 923 733 464 875 432 856 528 137 876 415 853 678 
18
204 48 407 344 223 523 874 123 746 800 673 465 203 584 318 51 330 776 
18
268 886 590 284 122 484 672 438 878 222 783 978 597 863 221 389 526 599 
18
680 783 900 847 269 479 993 284 830 553 532 111 484 55 199 584 550 305 
18
342 832 222 523 786 26 179 591 550 603 749 765 499 661 204 449 30 407 
18
345 716 762 508 815 725 134 998 139 579 149 54 804 419 985 688 321 98 
18
403 60 330 56 520 786 478 921 961 594 246 393 344 841 206 55 622 562 
18
251 299 861 567 962 522 22 179 449 106 411 627 349 254 619 368 811 330 
18
621 872 123 397 74 341 197 494 581 875 910 266 926 644 43 520 673 564 
18
638 118 484 387 96 475 209 116 105 411 403 307 167 16 906 733 718 584 
18
149 584 746 899 999 193 385 112 519 937 315 93 138 74 330 197 449 421 
18
554 532 599 10 390 100 629 898 613 968 552 828 388 345 972 909 447 169 
18
373 966 933 435 576 884 615 246 83 403 54 622 349 356 895 792 392 481 
18
372 966 751 317 51 12 499 884 457 399 94 276 361 406 838 106 121 876 
18
590 51 618 959 504 210 645 43 223 379 297 54 467 372 96 618 118 727 
18
875 415 554 451 25 176 655 138 74 330 197 449 421 419 878 673 341 29 
18
176 355 29 790 398 995 427 828 26 407 838 228 629 325 197 388 835 528 
18
599 749 274 937 613 959 409 838 425 576 550 962 794 998 984 876 614 118 
18
754 981 864 432 415 985 794 123 727 319 832 206 896 396 78 485 884 682 
18
251 886 330 192 105 484 506 648 861 222 678 787 253 17 69 647 71 792 
18
836 168 591 985 794 123 727 319 832 206 896 396 78 485 884 682 451 993 
18
193 105 702 288 877 141 584 863 366 267 942 522 814 700 447 678 101 258 
18
94 629 205 645 389 640 183 494 578 608 349 895 266 361 558 284 54 524 
18
717 464 381 526 694 416 476 816 817 215 829 425 169 92 484 531 305 30 
18
508 727 994 549 962 794 998 984 876 614 118 579 820 168 48 341 550 595 
18
990 876 141 183 494 578 608 349 895 266 361 558 284 54 524 321 86 702 
18
725 780 284 877 330 365 558 595 968 284 476 843 675 374 91 746 900 799 
18
172 877 847 549 461 365 563 577 863 663 443 407 875 694 447 381 955 924 
18
435 364 216 656 665 564 875 885 979 876 601 349 138 604 349 587 810 457 
18
715 302 734 149 633 325 892 977 193 563 680 332 29 804 817 206 678 364 
18
216 656 665 564 875 885 979 876 601 349 138 604 349 587 810 457 257 385 
18
640 958 794 908 799 330 178 77 247 337 724 149 908 435 341 406 2 69 
18
11 514 187 160 513 252 122 74 615 585 627 508 944 552 875 792 770 123 
18
483 815 383 995 312 532 348 594 959 864 330 356 91 416 279 854 141 700 
18
558 884 979 876 601 349 138 604 349 587 810 457 257 385 838 444 372 307 
18
954 839 941 791 861 869 885 396 675 882 396 176 449 720 743 102 579 810 
18
21 420 59 330 972 556 875 516 193 389 232 754 589 999 451 456 599 371 
18
97 121 584 702 536 962 688 489 757 247 937 139 673 762 348 96 727 499 
18
975 193 86 68 475 285 549 149 294 72 197 379 627 905 315 767 680 447 
18
715 498 478 838 675 882 396 176 449 720 743 102 579 810 425 399 415 179 
18
470 233 619 935 791 491 975 703 898 644 183 783 330 417 179 783 45 394 
18
232 136 604 118 156 216 393 984 670 332 417 30 376 403 59 138 294 192 
18
783 172 77 409 406 2 69 276 717 274 717 508 371 125 373 403 187 379 
18
94 639 783 780 656 341 706 800 388 277 294 776 414 25 290 776 330 706 
18
524 251 480 785 375 955 688 540 346 77 752 117 969 825 488 717 808 345 
18
706 780 656 341 706 800 388 277 294 776 414 25 290 776 330 706 317 96 
18
939 777 725 362 345 267 424 309 841 643 552 608 43 394 415 421 678 464 
18
233 983 312 86 416 273 717 409 364 835 366 955 193 567 676 296 270 51 
18
434 678 725 751 247 353 526 169 116 969 696 498 184 449 233 411 169 783 
18
221 886 439 921 522 402 718 362 995 661 332 587 118 951 193 887 435 657 
18
332 417 30 376 403 59 138 294 192 678 296 477 478 137 91 483 29 551 
18
680 489 625 204 299 197 831 222 983 799 855 613 884 435 55 606 405 875 
18
396 419 875 733 6 278 93 97 65 484 111 415 399 364 403 25 524 884 
18
439 365 835 415 685 536 284 602 284 792 457 127 908 522 957 229 942 971 
18
229 204 711 274 18 622 71 746 284 832 643 787 997 101 183 394 364 232 
18
337 433 209 877 447 852 999 779 553 749 155 868 961 984 661 263 51 411 
18
508 619 138 655 101 843 457 838 615 224 122 16 824 910 933 309 550 577 
18
246 385 250 222 477 478 137 91 483 29 551 355 955 229 353 54 68 939 
18
411 25 690 898 689 780 37 394 169 896 133 216 926 411 678 898 34 142 
18
91 876 439 657 332 267 18 824 415 678 88 994 588 850 190 381 478 546 
18
914 141 988 502 532 577 5 199 877 827 527 875 644 36 475 252 167 140 
18
91 579 122 446 233 151 766 293 86 483 546 600 405 399 825 869 827 457 
18
884 644 787 26 696 77 15 824 874 583 744 54 702 808 848 949 696 852 
18
694 718 312 724 899 215 204 136 271 98 363 602 138 96 969 700 114 449 
18
843 673 540 165 86 547 749 392 364 602 884 688 765 553 810 222 886 215 
18
94 584 315 417 715 300 157 523 746 392 508 149 177 743 419 104 505 81 
18
209 888 432 657 526 577 980 661 447 531 165 194 462 137 584 539 602 465 
18
648 140 385 406 309 550 577 315 706 54 752 861 679 899 933 924 133 584 
18
371 277 832 141 940 556 872 644 332 74 97 709 6 341 307 706 528 10 
18
241 216 337 74 209 477 944 432 506 149 388 273 965 700 312 267 192 585 
18
744 718 528 660 558 968 502 43 606 465 599 224 409 672 800 432 285 428 
18
104 709 54 702 808 848 949 696 852 432 843 949 312 267 192 585 958 123 
18
294 178 394 30 347 955 670 71 876 315 558 368 673 718 979 28 247 93 
18
707 499 828 134 4 290 254 51 746 908 794 802 444 874 102 591 224 847 
18
979 957 670 88 707 998 734 718 687 508 346 853 95 633 53 939 984 167 
18
194 746 124 216 830 885 320 112 294 724 325 344 853 489 962 554 562 148 
18
637 374 673 780 855 447 171 831 694 114 877 133 868 315 311 112 765 711 
18
900 583 935 924 688 508 595 204 516 680 317 311 96 446 975 726 123 584 
18
935 193 887 328 60 853 439 578 277 440 872 102 908 924 876 442 828 190 
18
345 54 121 988 895 791 941 696 312 96 505 284 707 177 746 770 228 202 
18
66 209 570 205 516 660 582 988 884 313 297 594 447 97 700 26 409 816 
18
527 608 23 792 549 959 123 4 524 985 884 594 760 269 440 828 949 700 
18
54 416 55 758 37 589 138 55 15 347 675 274 767 530 93 591 803 615 
18
564 118 988 819 847 961 690 546 78 308 91 505 608 341 985 746 247 832 
18
10 858 160 656 584 405 334 54 998 81 847 732 908 688 998 122 160 58 
18
853 95 633 53 939 984 167 299 587 438 727 124 868 320 995 551 371 875 
18
102 16 403 672 284 707 177 746 770 228 202 151 948 700 687 900 809 73 

19
136 618 730 53 176 183 718 700 110 792 528 785 300 361 841 37 475 341 832 
19
680 508 104 551 673 325 476 685 71 12 179 604 51 175 644 118 411 194 91 
19
787 268 711 341 95 862 711 787 300 151 876 549 541 673 138 853 282 516 578 
19
251 759 780 362 477 875 55 175 415 703 341 98 11 157 843 215 160 584 884 
19
941 355 223 766 284 983 751 524 578 43 176 604 730 447 2 534 625 246 629 
19
720 374 254 246 759 598 577 962 57 116 661 539 673 204 4 304 877 444 406 
19
96 464 169 707 25 291 570 348 532 22 791 978 46 175 9 637 898 614 93 
19
573 251 829 656 744 584 522 578 169 969 522 872 221 523 648 325 93 882 17 
19
359 764 284 477 309 222 637 349 625 872 802 325 734 536 111 409 481 372 966 
19
57 674 405 311 557 220 449 2 132 639 349 477 715 747 718 604 749 77 696 
19
183 633 968 442 250 567 348 625 810 54 498 852 530 137 727 218 322 617 968 
19
215 105 347 223 177 373 724 604 283 570 43 175 446 59 199 940 516 648 539 
19
478 399 91 280 204 385 811 253 58 618 676 760 221 783 838 997 556 638 585 
19
266 141 852 160 54 5 304 557 532 625 969 751 765 114 484 55 199 584 550 
19
944 644 118 411 194 91 434 856 106 629 368 550 321 93 142 618 969 84 403 
19
100 403 97 647 148 483 672 71 290 886 663 138 579 284 361 96 138 994 924 
19
977 409 703 448 478 923 408 995 133 998 971 777 102 661 204 449 30 407 627 
19
168 415 94 394 297 170 373 479 672 447 270 926 799 54 738 718 540 371 216 
19
160 470 203 494 751 284 411 955 442 718 558 532 252 886 847 528 252 619 5 
19
304 557 532 625 969 751 765 114 484 55 199 584 550 305 717 540 603 627 371 
19
96 882 366 658 508 127 592 165 373 706 364 417 602 577 318 72 551 402 78 
19
341 716 526 937 226 84 434 828 247 56 202 160 373 534 892 10 880 847 59 
19
12 250 586 318 18 681 355 428 875 874 874 17 906 266 122 209 904 160 673 
19
783 26 906 979 505 127 852 678 355 707 725 88 485 506 786 836 425 2 499 
19
233 379 433 878 874 415 838 168 673 183 92 138 843 528 546 638 43 199 523 
19
828 553 113 484 657 861 83 647 183 92 138 843 528 546 638 43 199 523 546 
19
193 803 123 758 751 508 872 910 432 406 403 78 403 403 853 123 579 246 585 
19
608 702 882 310 549 251 462 131 841 228 567 884 75 647 884 601 168 877 885 
19
869 473 921 679 552 638 850 310 51 415 984 139 470 104 397 78 475 599 968 
19
139 65 824 37 420 176 95 661 447 875 615 5 399 627 325 477 581 820 457 
19
169 673 403 955 504 785 325 532 184 4 79 141 363 216 829 530 321 764 687 
19
527 717 296 444 508 648 405 853 83 485 818 700 263 830 425 515 252 736 981 
19
864 432 415 985 794 123 727 319 832 206 896 396 78 485 884 682 451 993 678 
19
552 828 388 345 972 909 447 169 642 958 552 149 633 325 892 977 193 563 680 
19
807 861 432 718 584 283 216 449 399 403 232 56 862 527 603 349 406 476 661 
19
783 117 939 579 914 732 486 661 46 573 914 435 25 136 969 133 53 524 619 
19
5 914 679 527 814 229 299 294 717 524 184 470 816 997 742 499 478 884 205 
19
645 389 640 183 494 578 608 349 895 266 361 558 284 54 524 321 86 702 302 
19
167 449 309 621 315 792 998 678 538 638 782 123 74 332 428 30 199 194 389 
19
640 183 494 578 608 349 895 266 361 558 284 54 524 321 86 702 302 792 530 
19
184 940 455 715 88 606 349 833 345 895 408 72 876 613 744 431 169 96 939 
19
328 395 125 65 330 440 169 92 484 531 305 30 804 21 692 134 604 153 877 
19
330 365 558 595 968 284 476 843 675 374 91 746 900 799 229 136 633 224 462 
19
365 558 595 968 284 476 843 675 374 91 746 900 799 229 136 633 224 462 233 
19
56 57 464 104 758 26 692 263 701 875 613 585 968 556 680 526 828 549 318 
19
716 524 220 629 43 787 172 494 22 692 447 921 320 433 341 138 985 742 102 
19
754 6 516 694 489 872 73 615 720 77 606 315 365 345 433 718 274 339 811 
19
21 65 394 554 884 524 619 607 153 655 443 381 78 484 727 808 282 51 403 
19
675 538 402 984 433 825 281 202 379 955 864 75 411 169 470 127 604 720 362 
19
77 138 718 718 899 489 648 46 464 581 676 364 844 874 949 864 613 325 729 
19
317 764 979 432 825 528 451 387 838 432 341 706 800 388 277 294 776 414 25 
19
692 489 874 10 175 470 487 727 362 60 142 908 688 218 886 679 558 985 422 
19
270 216 731 362 100 15 136 9 65 615 539 76 702 498 944 924 933 839 527 
19
113 547 76 197 194 84 752 687 134 744 26 573 93 209 381 602 892 226 17 
19
116 618 935 933 791 222 746 26 415 960 971 433 923 583 924 751 325 833 910 
19
913 315 892 467 818 106 547 577 676 725 268 54 142 642 552 246 503 603 277 
19
437 718 765 836 848 527 962 556 730 312 433 993 451 599 720 114 415 421 678 
19
762 284 876 524 638 665 140 908 102 483 937 446 257 317 931 794 457 884 644 
19
106 579 627 884 355 100 97 619 405 169 116 969 696 498 184 449 233 411 169 
19
77 618 325 707 718 508 494 187 194 246 701 899 613 405 960 703 149 940 688 
19
134 9 116 470 531 149 988 799 457 818 941 788 700 486 187 246 222 337 297 
19
792 553 964 876 266 476 786 553 246 385 250 222 477 478 137 91 483 29 551 
19
660 709 486 478 648 628 783 770 908 215 619 224 926 552 671 134 877 160 388 
19
675 526 43 865 979 742 177 904 57 629 106 584 898 793 711 808 691 899 328 
19
729 54 141 513 251 861 682 464 578 924 777 770 293 395 187 831 663 489 220 
19
887 489 673 875 432 209 141 91 97 618 438 456 127 355 94 843 73 853 524 
19
962 427 678 447 219 585 562 577 924 726 528 884 226 139 271 709 114 505 962 
19
427 678 447 219 585 562 577 924 726 528 884 226 139 271 709 114 505 962 742 
19
478 22 467 818 802 425 923 777 986 502 113 951 856 949 856 396 273 792 106 
19
156 96 547 165 177 284 832 643 787 997 101 183 394 364 232 385 59 105 951 
19
794 997 766 656 451 818 123 673 540 165 86 547 749 392 364 602 884 688 765 
19
998 44 882 160 449 843 673 540 165 86 547 749 392 364 602 884 688 765 553 
19
10 804 106 183 656 53 661 725 102 363 838 614 447 838 73 140 77 841 682 
19
536 875 467 786 388 415 718 998 726 978 451 210 477 541 671 88 54 746 725 
19
431 372 323 594 850 613 438 852 792 425 720 102 709 331 526 550 676 498 962 
19
229 139 765 414 407 169 389 515 266 621 183 887 793 345 94 53 746 172 567 
19
810 691 598 539 165 783 997 378 828 869 799 59 121 642 332 344 955 852 355 
19
835 869 447 487 413 678 71 853 205 754 780 160 438 661 218 942 485 117 877 
19
799 106 415 131 91 843 694 317 811 473 29 347 54 105 505 266 776 282 433 
19
55 411 341 344 703 852 949 485 193 345 94 53 746 172 567 980 152 896 751 
19
123 908 583 148 725 478 944 856 432 506 149 388 273 965 700 312 267 192 585 
19
148 766 530 680 994 378 2 573 153 563 122 216 480 371 415 104 16 394 407 
19
309 729 212 17 464 478 546 577 744 124 765 21 647 604 665 524 246 734 419 
19
209 983 791 228 701 808 432 581 850 733 155 438 127 4 57 853 679 317 100 
19
53 484 184 299 707 331 74 579 892 313 534 749 375 169 743 861 907 481 348 
19
481 814 222 942 856 355 59 258 56 639 416 55 758 37 589 138 55 15 347 
19
481 413 381 59 416 334 91 53 121 765 215 353 675 284 428 815 457 187 754 
19
780 160 438 661 218 942 485 117 877 102 985 895 409 720 325 703 680 221 847 
19
190 877 516 284 440 127 385 273 477 371 718 924 971 322 345 323 703 978 489 
19
532 246 339 995 884 320 297 550 959 711 478 532 602 46 416 599 46 758 997 
19
167 379 515 746 908 794 802 444 874 102 591 224 847 467 220 877 612 332 78 
19
65 15 551 968 502 266 716 589 884 34 411 657 846 467 193 337 554 153 246 
19
717 478 193 888 34 661 88 847 961 690 546 78 308 91 505 608 341 985 746 
19
656 296 96 951 852 467 546 246 95 505 746 222 317 344 675 409 816 601 443 
19
298 550 246 876 793 83 363 673 77 584 884 504 875 455 541 999 122 868 328 
19
344 78 156 194 983 895 46 754 247 56 727 680 852 435 648 582 438 937 372 
19
478 603 803 590 905 505 284 707 177 746 770 228 202 151 948 700 687 900 809 
19
874 689 751 45 397 923 193 17 475 251 792 29 484 312 344 250 716 253 764 
19
383 25 332 481 348 675 317 60 841 447 168 56 841 679 114 105 271 356 169 
19
629 36 618 787 802 874 215 342 602 564 607 25 589 803 134 896 924 187 157 
